{
  "accessors": [
    {
      "bufferView": 2,
      "componentType": 5126,
      "count": 14613,
      "max": [
        87.86383819580078,
        103.00968933105469,
        102.37537384033203
      ],
      "min": [
        -104.5387191772461,
        -104.12676239013672,
        -83.255126953125
      ],
      "type": "VEC3"
    },
    {
      "bufferView": 2,
      "byteOffset": 175356,
      "componentType": 5126,
      "count": 14613,
      "max": [
        0.9978488683700562,
        0.9997432827949524,
        0.9999911785125732
      ],
      "min": [
        -0.9996711015701294,
        -0.9997915625572205,
        -0.9998521208763123
      ],
      "type": "VEC3"
    },
    {
      "bufferView": 1,
      "componentType": 5126,
      "count": 14613,
      "max": [
        0.9959999918937683,
        0.4880000352859497
      ],
      "min": [
        0.2759999930858612,
        0.2720000743865967
      ],
      "type": "VEC2"
    },
    {
      "bufferView": 0,
      "componentType": 5125,
      "count": 14613,
      "type": "SCALAR"
    },
    {
      "bufferView": 2,
      "byteOffset": 350712,
      "componentType": 5126,
      "count": 720,
      "max": [
        101.64578247070313,
        103.0677490234375,
        102.68953704833984
      ],
      "min": [
        -102.94007110595703,
        -103.76998138427734,
        -103.47417449951172
      ],
      "type": "VEC3"
    },
    {
      "bufferView": 2,
      "byteOffset": 359352,
      "componentType": 5126,
      "count": 720,
      "max": [
        0.9998800158500671,
        0.995194137096405,
        0.9987651109695435
      ],
      "min": [
        -0.997153103351593,
        -0.9875664710998535,
        -0.9908046126365662
      ],
      "type": "VEC3"
    },
    {
      "bufferView": 1,
      "byteOffset": 116904,
      "componentType": 5126,
      "count": 720,
      "max": [
        1.0,
        0.24000000953674316
      ],
      "min": [
        0.0,
        0.040000081062316895
      ],
      "type": "VEC2"
    },
    {
      "bufferView": 0,
      "byteOffset": 58452,
      "componentType": 5125,
      "count": 720,
      "type": "SCALAR"
    }
  ],
  "asset": {
    "extras": {
      "author": "lolla (https://sketchfab.com/lolla)",
      "license": "CC-BY-4.0 (http://creativecommons.org/licenses/by/4.0/)",
      "source": "https://sketchfab.com/3d-models/low-poly-earthv2-de87831832bf479cb9df831e497363b5",
      "title": "Low+ Poly+ Earth+V2"
    },
    "generator": "Sketchfab-12.68.0",
    "version": "2.0"
  },
  "bufferViews": [
    {
      "buffer": 0,
      "byteLength": 61332,
      "name": "floatBufferViews",
      "target": 34963
    },
    {
      "buffer": 0,
      "byteLength": 122664,
      "byteOffset": 61332,
      "byteStride": 8,
      "name": "floatBufferViews",
      "target": 34962
    },
    {
      "buffer": 0,
      "byteLength": 367992,
      "byteOffset": 183996,
      "byteStride": 12,
      "name": "floatBufferViews",
      "target": 34962
    }
  ],
  "buffers": [
    {
      "byteLength": 551988,
      "uri": "scene.bin"
    }
  ],
  "materials": [
    {
      "doubleSided": true,
      "name": "Oceans",
      "pbrMetallicRoughness": {
        "baseColorFactor": [
          0.170807,
          0.560248,
          0.785714,
          1.0
        ],
        "metallicFactor": 0.0,
        "roughnessFactor": 0.6
      }
    },
    {
      "doubleSided": true,
      "name": "Land_Masses",
      "pbrMetallicRoughness": {
        "baseColorFactor": [
          0.339245,
          0.673469,
          0.246799,
          1.0
        ],
        "metallicFactor": 0.0,
        "roughnessFactor": 0.6
      }
    }
  ],
  "meshes": [
    {
      "name": "Object_0",
      "primitives": [
        {
          "attributes": {
            "NORMAL": 1,
            "POSITION": 0,
            "TEXCOORD_0": 2
          },
          "indices": 3,
          "material": 1,
          "mode": 4
        }
      ]
    },
    {
      "name": "Object_1",
      "primitives": [
        {
          "attributes": {
            "NORMAL": 5,
            "POSITION": 4,
            "TEXCOORD_0": 6
          },
          "indices": 7,
          "material": 0,
          "mode": 4
        }
      ]
    }
  ],
  "nodes": [
    {
      "children": [
        1
      ],
      "matrix": [
        0.9788634777069092,
        4.541143146194052e-17,
        -0.20451490581035614,
        0.0,
        -0.20451490581035614,
        2.1735135418297284e-16,
        -0.9788634777069092,
        0.0,
        0.0,
        1.0,
        2.220446049250313e-16,
        0.0,
        -0.13893865048885345,
        6.320978074929296e-17,
        -0.2846715450286865,
        1.0
      ],
      "name": "Sketchfab_model"
    },
    {
      "children": [
        2,
        5
      ],
      "name": "Earth"
    },
    {
      "children": [
        3
      ],
      "name": "Land_Masse"
    },
    {
      "children": [
        4
      ],
      "matrix": [
        0.9999999999999998,
        -0.0,
        1.4901161193847653e-08,
        0.0,
        0.0,
        1.0,
        -0.0,
        0.0,
        -1.4901161193847653e-08,
        0.0,
        0.9999999999999998,
        0.0,
        -0.0,
        -0.0,
        -0.0,
        1.0
      ],
      "name": "3DSMeshMatrix"
    },
    {
      "mesh": 0,
      "name": "Object_4"
    },
    {
      "children": [
        6
      ],
      "matrix": [
        0.9576541781425476,
        0.2879209518432617,
        0.0,
        0.0,
        -0.27625954151153564,
        0.9188671708106995,
        0.28171589970588684,
        0.0,
        0.08111190050840378,
        -0.26978638768196106,
        0.95949786901474,
        0.0,
        0.0,
        0.0,
        0.0,
        1.0
      ],
      "name": "Oceans"
    },
    {
      "children": [
        7
      ],
      "matrix": [
        0.9576541795178625,
        -0.2762595302122068,
        0.08111191285779079,
        0.0,
        0.28792094926865086,
        0.9188671254586893,
        -0.2697863703767412,
        0.0,
        -1.2464351509255955e-08,
        0.281715875471854,
        0.9594978757182202,
        0.0,
        -0.0,
        -0.0,
        -0.0,
        1.0
      ],
      "name": "3DSMeshMatrix"
    },
    {
      "mesh": 1,
      "name": "Object_7"
    }
  ],
  "scene": 0,
  "scenes": [
    {
      "name": "Sketchfab_Scene",
      "nodes": [
        0
      ]
    }
  ]
}
